epoch trainingError testError 
1 0.016063536502088492 0.016107665691367953 
2 0.01218109805642059 0.012370244924380625 
3 0.010048071582337004 0.01033194349157247 
4 0.008374294987983167 0.008649345669440499 
5 0.00731970975248781 0.007582649435002716 
6 0.006686756267358989 0.006949975422806406 
7 0.006227632233422995 0.006492793789364962 
8 0.005902326818980726 0.0061709995055681125 
9 0.005667362168708565 0.00594262213544741 
10 0.0055314372777551775 0.005809803281182732 
11 0.0054246336084361226 0.005704571792766926 
12 0.005300831999235229 0.005582894954326331 
13 0.005182114481766051 0.005466216603459046 
14 0.005082278104381828 0.005369055750870615 
15 0.0050022219680471705 0.0052923179570629995 
16 0.004935624878027451 0.0052298636863747135 
17 0.004878112139205186 0.0051769468353460345 
18 0.004828705693266361 0.005132225227087912 
19 0.0047860084380183365 0.005093242945014092 
20 0.004745954208956176 0.005054595776060466 
21 0.0047111533061672175 0.0050190610162878 
22 0.0046889095152987965 0.004996410652767334 
23 0.0046636332183697836 0.0049717523120744464 
24 0.004616806936749783 0.004926553950640235 
25 0.004550456170451453 0.004863388125996426 
26 0.004476557572504656 0.004793398738299297 
27 0.004405490123285254 0.004725645187563773 
28 0.004339574039648756 0.004660863781668616 
29 0.004281475549946829 0.004603114925178533 
30 0.004230664990235066 0.004553824296914758 
31 0.004186249723874562 0.004511792927104258 
32 0.0041469695773947825 0.00447429340913869 
33 0.004112655297445802 0.004439970115134083 
34 0.004094574131612345 0.004422741189992963 
35 0.004087270799799442 0.004415328528622988 
36 0.004083383442228933 0.00441419236557576 
37 0.004078574173749908 0.004416621451850698 
38 0.004057884560387601 0.004407118145124467 
39 0.004018061519329483 0.004379573785544259 
40 0.0039709301408860686 0.004344276954431929 
41 0.0039310535052938834 0.004311092760631087 
42 0.003894349578906097 0.004280048699019135 
43 0.003858971958593456 0.004251939592876855 
44 0.0038264850388527068 0.0042276406696468635 
45 0.0037930539598819944 0.004203736359599481 
46 0.003773117313612497 0.004190736289566899 
47 0.003765108476045282 0.004189082900806822 
48 0.003750167684906983 0.004178748565164116 
49 0.003720153516749727 0.004149809116162978 
50 0.0036897973814472547 0.0041207108722148 
51 0.003667152840075281 0.004099676260445149 
52 0.0036652548992645454 0.004098130868011006 
53 0.003665444893494398 0.0040975780326152865 
54 0.0036594046064356376 0.004091380822718558 
55 0.0036415737288064305 0.004075817125562044 
56 0.0036349147333117476 0.004070060401376858 
57 0.003622774730153624 0.00405730716184693 
58 0.0035934735030586757 0.004032563532974639 
59 0.0035605312756617304 0.004003803021798374 
60 0.0035357479332613177 0.003984514771403895 
61 0.00348871940829723 0.003940836965246269 
62 0.003461183705254193 0.003918772265243271 
63 0.0034167633105581375 0.003883402790993814 
64 0.003401861292478033 0.0038685955162697477 
65 0.0033721284312137755 0.003840729696446542 
66 0.003361348076353491 0.003836835661382292 
67 0.003337299143130326 0.0037974646657717077 
68 0.003297305126873062 0.00376087043565197 
69 0.0033100187065118643 0.003783326448704943 
70 0.003293264408358727 0.003771337418712351 
71 0.003303986171574223 0.003791500824465829 
72 0.0032859095738210923 0.0037729009342284702 
73 0.003284081851563664 0.0037714344236097633 
74 0.0032962868864746353 0.003785445691140784 
75 0.0032736792982192187 0.003762232393486814 
76 0.0032428762139163686 0.0037305563683449152 
77 0.0032264857508232055 0.0037230360858534475 
78 0.0031875410626233894 0.003691061060710199 
79 0.0031723393869094074 0.0036738449069169572 
80 0.0031323692712707015 0.0036442061913473677 
81 0.003128315210151352 0.0036431815135626647 
82 0.003142422708795432 0.0036572612630168255 
83 0.003122882018305355 0.0036506691057413758 
84 0.0031316546557951493 0.0036609564688996994 
85 0.0031136829891312405 0.0036368743420010356 
86 0.0031039903099795963 0.003623296658251351 
87 0.0032582197009012716 0.003738346797433904 
88 0.00311371642819803 0.003635640352434159 
89 0.0031450314228072675 0.0036622961298218844 
90 0.003256778881936925 0.0037531722738306404 
91 0.0031459651818203345 0.0036707248643731063 
92 0.0032365165038719013 0.0037478002385621465 
93 0.0032704610211869776 0.0037876974727442643 
94 0.003230077185306854 0.0037604522223248344 
95 0.003086298446014525 0.0036499492530471193 
96 0.0031958445505409308 0.0037412255262784587 
97 0.003160267597947394 0.003716811908182612 
98 0.0032018095330407044 0.00376913594187466 
99 0.003167188453050672 0.0037094840804038046 
100 0.0032830376001017404 0.003843345518961466 
101 0.003120227422120349 0.0036843092997070627 
102 0.0032038798018576395 0.003753172480890783 
103 0.0031466291025317784 0.0037139474901789955 
104 0.0030547700990597383 0.003651711272378754 
105 0.003090607684676197 0.003667523072156472 
106 0.003058916311730139 0.003662595256580584 
107 0.003056299841906824 0.0036508201904036576 
108 0.002999820147747711 0.0035949585018935134 
109 0.0029731274037252753 0.0035560986922886905 
110 0.0030455013405648397 0.0036242552513554996 
111 0.0030871023514610647 0.0036747237902862813 
112 0.0029453169335288193 0.0035217377390505326 
113 0.0029630930682154554 0.003543304946846476 
114 0.0029592943928672343 0.0035310163664968664 
115 0.003046565987973386 0.0036203559241495373 
116 0.0030056675753633365 0.0036141039751055076 
117 0.0028696739677226595 0.003498639609796616 
118 0.0028400246404603298 0.0034652519175000377 
119 0.0029503077860998208 0.0035610127191997966 
120 0.0028585344650056414 0.00347133723807486 
121 0.002940201610372583 0.003568338649277506 
122 0.002844600928430865 0.003484177021390564 
123 0.0028836706652082497 0.0034856048581241635 
124 0.0028494909454876683 0.003466592271757955 
125 0.0029030949580625366 0.0035100612278601926 
126 0.0028308178453216007 0.0034519890123500055 
127 0.0028378451796401425 0.0034753648749776176 
128 0.0027951996550784133 0.0034276953406731482 
129 0.0028564464235255826 0.0034623839677847957 
130 0.002794332287915958 0.003420409487814776 
131 0.0027880455272474283 0.0034072086075320894 
132 0.002843469917961834 0.0035138283536620004 
133 0.002838043956845795 0.003453720469033832 
134 0.0028240929950112646 0.0034542131108248335 
135 0.002791664708568899 0.003415513367005361 
136 0.0028192016691523858 0.003416175065618603 
137 0.0028710417261608606 0.003475810026976043 
138 0.0028533807927640757 0.0034808014095438922 
139 0.002802524675679005 0.0034563662658908356 
140 0.0028688792607395857 0.0035001190536242005 
141 0.002834608540147858 0.0034793986537680495 
142 0.002865800171005144 0.003521167713027896 
143 0.0027394939246602737 0.003417140272992776 
144 0.002790540292154715 0.0034726201478473546 
145 0.0028455291719635826 0.003516766075650044 
146 0.002815382843083096 0.003481192937105871 
147 0.002916526612926931 0.003548225766005498 
148 0.0027989856358025212 0.0034737563295640884 
149 0.002777262987450308 0.0034648185260591578 
150 0.0027459323807729613 0.0034349544101739803 
151 0.0027301014328859974 0.003406747433226559 
152 0.0027845006730130867 0.003457942886160608 
153 0.002792597951297941 0.0035274300223222524 
154 0.002879215838625669 0.003550132658068946 
155 0.00274822832884074 0.0034921510324300376 
156 0.0027719388009694902 0.0034652483193015633 
157 0.0028359216984429276 0.0035229235699460537 
158 0.002839115540081703 0.0035002156990272173 
159 0.00290004469789902 0.003584860563929629 
160 0.0028690599664076156 0.0035269386582708335 
161 0.0027299870837672216 0.0034474654571339976 
162 0.002908191957759842 0.0035903276475292177 
163 0.00273891138131682 0.00346527373235099 
164 0.0027602120403442437 0.0034767179881699042 
165 0.002736888148837523 0.003473619426512262 
166 0.002803241335036932 0.0035380640764401095 
167 0.00278085500201212 0.0035119268265531886 
168 0.002790957488410469 0.003519852644867402 
169 0.0027944632572310304 0.0035025527694764968 
170 0.0027759604634828186 0.0035238851096812663 
171 0.0027957636859903363 0.003540804854127864 
172 0.0028293081765340448 0.003548780321899147 
173 0.0027048803122534213 0.0034251673536305747 
174 0.002746119864017667 0.0034398837889025743 
175 0.002717470957379225 0.0034741402186131472 
176 0.0027429337988692203 0.003478382644119084 
