epoch trainingError testError 
1 0.26226428276246067 0.26462411307124595 
2 0.26742803793741426 0.26953145348406626 
3 0.2865154597081912 0.2888046725121654 
4 0.2852249011666731 0.2867589847439415 
5 0.2683371462935694 0.26941043706879014 
6 0.26892457727882846 0.27046296352820887 
7 0.25907132070936745 0.2623365206916052 
8 0.24964727829114522 0.2518035751476684 
9 0.28359548041286053 0.2841972447662595 
10 0.28840766078986124 0.29082120676593276 
11 0.27182743500715867 0.2730198050055764 
12 0.2741042387347631 0.2767333475499408 
13 0.27188226596896625 0.2739996935367112 
14 0.2728252677301697 0.27519287855388136 
15 0.2712444201650891 0.2735143081343268 
16 0.2818408874565527 0.2835844925834814 
17 0.26222978259058166 0.2642502487893592 
18 0.27501171603711405 0.27738469858370535 
19 0.26216824401355515 0.26407704730053966 
20 0.2550224531947882 0.2568711055199936 
21 0.2735178144677711 0.2756978008041728 
22 0.2708519300024819 0.2732002144400012 
23 0.2474081999677292 0.24907715285278595 
24 0.26656791172802063 0.2699158533637275 
25 0.2428205842966037 0.24366607107961047 
26 0.26693556596672174 0.26928006868940507 
27 0.2475327091211474 0.24870686418430024 
28 0.24539784171297438 0.24751147966852208 
29 0.26400284405514285 0.26591798343134365 
30 0.27515177232094484 0.27760688942213557 
31 0.2763775617500447 0.27838381711346905 
32 0.26740666911055216 0.2692430233797654 
33 0.25653846132131297 0.25897901357677144 
34 0.26410355826160353 0.26710825798813576 
35 0.25817025763995405 0.2601507341119148 
36 0.2683305374215994 0.2699699804142228 
37 0.2413519390690114 0.24324985598170817 
38 0.2655446322818621 0.26756113902697953 
39 0.27302899594208857 0.27542436202431697 
40 0.22400679817439426 0.2257322321162105 
41 0.2834397907217861 0.285792592901935 
42 0.2700474566629585 0.272056649418872 
43 0.26565659050194246 0.26766084117243355 
44 0.2683721599308876 0.26976964074938 
45 0.2688743100590892 0.2707790978613032 
46 0.2745954485331881 0.27717875677325254 
47 0.23504108267347498 0.23679349041787198 
48 0.26006829382843616 0.26238356934432444 
49 0.2421926265185728 0.24332238490929822 
50 0.2636964152626169 0.2660435664582925 
51 0.2789500324292251 0.2810382459134684 
52 0.26325846379146084 0.26513284555302913 
53 0.24701585115776575 0.2491363818728237 
54 0.24944964634696937 0.25164925610613115 
55 0.24266337475693311 0.2446819184082678 
56 0.2506005968883521 0.2515991912465545 
57 0.24781120850088278 0.24871984738946587 
58 0.25747437906722515 0.25999261345503455 
59 0.2586134649732247 0.26100089426196244 
60 0.2550280391595671 0.25755679371822426 
61 0.24982403208276246 0.2518178905914307 
62 0.24660773052367815 0.24850191948106362 
63 0.2574055328283916 0.25966128761224333 
64 0.25808823559890026 0.26037620944790624 
65 0.258597443569943 0.26110928184313226 
66 0.26382346060522865 0.26679087672226054 
67 0.24688693782539106 0.2489766055683455 
68 0.2620125691043088 0.26358549045208257 
69 0.26104169175844466 0.26324326792119346 
70 0.2616873963721019 0.2639952968983592 
71 0.24769104048042057 0.24918073856827172 
72 0.25798579198848504 0.2595776659483925 
73 0.2426699851199131 0.24402618878376417 
74 0.24886576218388962 0.25088983708290874 
75 0.2523843728027575 0.2542366721331988 
76 0.25354574317297157 0.2547057374665974 
77 0.24043161307036232 0.24237899821454842 
78 0.25287214715758155 0.25451904550925386 
79 0.24512338017797258 0.24663187999966144 
80 0.24144392014273164 0.24389140051221345 
81 0.23595599428163364 0.23823704762913053 
82 0.2411912533886121 0.24342652061658904 
83 0.24964111091217464 0.2514552029553872 
84 0.2339614344661169 0.2348343613204355 
85 0.24053840289411252 0.24200099691609347 
86 0.25779939004876745 0.25988538434740915 
87 0.2511162564187432 0.25362945131718423 
88 0.2646394536258861 0.26685795787436883 
89 0.24051269502127454 0.24201552685715172 
90 0.25648394048726725 0.2591498995197425 
91 0.2577197354195521 0.2612768826296612 
92 0.23247733177115204 0.23367915455117536 
93 0.2352689755593187 0.23638967077490086 
94 0.23142245253552332 0.23323517214698986 
95 0.24892118050916073 0.250638385464506 
96 0.24597027233541968 0.2479631469139809 
97 0.23416565943856527 0.23564228117582706 
98 0.24714614651523506 0.24893671017214836 
99 0.22746142336005107 0.22967562229393493 
100 0.23422819700358313 0.23649777779832698 
101 0.2525759132132041 0.25487440295470654 
102 0.2446747653636618 0.2468055884376868 
103 0.24212713922022455 0.24445104093466116 
104 0.2271298186836031 0.22924721338657206 
105 0.24404860049785532 0.24626693030364558 
106 0.22935128605950572 0.23206407955097033 
107 0.23572793434731748 0.23730730905718744 
108 0.23902836418357506 0.24173751526489318 
109 0.22546856497509465 0.22744375827256766 
110 0.23341924811379247 0.23523062050475105 
111 0.236449612840865 0.23883545502236392 
112 0.22959902476206911 0.2317059919037559 
113 0.22307098678243875 0.2249925465146684 
114 0.22440887528519946 0.22613500841611053 
115 0.23178787281543495 0.23393297790673784 
116 0.2304659195109536 0.23272839537203005 
117 0.2406127428177763 0.2419893536423024 
118 0.23581966628481651 0.2379249894843049 
119 0.2382333107622739 0.24063928271962895 
120 0.24618281832813027 0.2481481478788337 
121 0.23210432507821252 0.23377665582855683 
122 0.21692303875460334 0.21885029672509426 
123 0.23586184758175016 0.23810033433863378 
124 0.22688598085394257 0.22927591121493066 
125 0.2271472672269717 0.22855463565098072 
126 0.23995384225007468 0.24239401401554142 
127 0.2300362474047776 0.23182081561021944 
128 0.2260601985013034 0.2274793230895973 
129 0.22863258964303754 0.23021450318882328 
130 0.2277771486942009 0.23092440600972944 
131 0.22646960790034465 0.22811279428471795 
132 0.23705087992981955 0.2388779596891119 
133 0.23683084639907445 0.23822920632555952 
134 0.2209233663180184 0.223143308681575 
135 0.23688250554655163 0.2399463282161499 
136 0.22569619483725664 0.2274036776465333 
137 0.22651129263269215 0.22926640800268358 
138 0.22400713033044597 0.22596739821223152 
139 0.23498345645292035 0.23693996397940081 
140 0.22752369896356392 0.22979061906585455 
141 0.2438893552093347 0.24635512527900238 
142 0.2274880669137919 0.2290410529601397 
143 0.22809770243787675 0.2302981091795967 
144 0.22076409061454233 0.22282523647148098 
145 0.22725075244234955 0.2293261206590891 
146 0.22413168864911479 0.2269153808493003 
147 0.22619369357104951 0.22830996546330287 
148 0.20733142302089083 0.20824383618032843 
149 0.22159451778272582 0.22418469545320135 
150 0.22284876693389077 0.22461317470193276 
151 0.23115554811720218 0.2332705534828604 
152 0.217489746183634 0.21994672731322412 
153 0.21630123513785762 0.2171859545397669 
154 0.218946223411566 0.22102559618776912 
155 0.20925601008598002 0.2099752643925181 
156 0.21659100282089316 0.2181859090441897 
157 0.22224876364960947 0.2242729503328498 
158 0.21737629435269268 0.21928848808925114 
159 0.20767169279919648 0.20981423825186002 
160 0.22496108992386055 0.2265255973405766 
161 0.21824372663785888 0.2194368252163531 
162 0.21252601746093452 0.21468149271913156 
163 0.21702891917338316 0.21957260809376625 
164 0.20791821272984168 0.20986915478804066 
165 0.21161124955620053 0.21308758884739507 
166 0.21733748842435044 0.21832023161052208 
167 0.2235587277131615 0.22625511822571098 
168 0.22040010540199723 0.22218177766694977 
169 0.21296801740100427 0.21455597643369753 
170 0.21329242080415423 0.21646603446609858 
171 0.21288845529449424 0.213980247801848 
172 0.21424853398707253 0.21628576459014665 
173 0.22458399818445318 0.22698274399362717 
174 0.20330800464802562 0.2046583787620242 
175 0.2001259712727796 0.20145420654569457 
176 0.21049040308830122 0.2126305579099381 
177 0.2014863486685858 0.20258135936098376 
178 0.22645340045550041 0.22824126034659437 
179 0.20477186453641807 0.20670222753916925 
180 0.21433578908396841 0.21666935950493352 
181 0.20656660410424027 0.2082725476994187 
182 0.21557660501630188 0.21743809874021844 
183 0.22033583939897344 0.2219527189359229 
184 0.21723804153574056 0.21980619884223393 
185 0.20764491150317296 0.20951565967290212 
186 0.21437216963599773 0.2174407759359103 
187 0.2093369392702825 0.2102851662064253 
188 0.19757823233690022 0.19919314453244127 
189 0.21548180998412375 0.21769988574674734 
190 0.20974182406574735 0.21272927696596813 
191 0.2049117442977496 0.20566725061717422 
192 0.20529473253757147 0.20757442492495837 
193 0.20278737742424782 0.2054097838184476 
194 0.19789336532741186 0.20031308299366468 
195 0.2041161821823941 0.20555324787726184 
196 0.20011430600393962 0.2023726948285373 
197 0.2005846515411284 0.20227905591727524 
198 0.20646566659468868 0.20851391891579688 
199 0.20634026749228662 0.20833862164483288 
200 0.20269855791636715 0.20442050089468897 
201 0.21880237438199837 0.22145354478497128 
202 0.2064725992733617 0.20804897882944512 
203 0.20890435059211176 0.211021667227637 
204 0.20251956623568318 0.20427073718875632 
205 0.2087544686029672 0.21037126830034802 
206 0.1984458746709117 0.1995564887840907 
207 0.2005793156435189 0.20190293395180806 
208 0.20590273397801673 0.20792254548558547 
209 0.19711527168808132 0.19893729656009942 
210 0.19902968542409477 0.2019822028503647 
211 0.2030190213416913 0.20447326173473762 
212 0.2007144670643216 0.20165653379458337 
213 0.2018651870613964 0.2039049855094104 
214 0.20960945142698179 0.2116982749142775 
215 0.20339753460872995 0.20554719661534426 
216 0.19958411512571197 0.2011158647087826 
217 0.2084479355644657 0.21107319753670178 
218 0.20244099041079783 0.20460254908902395 
219 0.19867605103475797 0.20008473018585987 
220 0.21160620825566628 0.2145792586144594 
221 0.19632322143861625 0.19858838528293554 
222 0.18872657907516271 0.18940405040598077 
223 0.19527062433270506 0.1966653080384994 
224 0.19582266109654672 0.19674107377157785 
225 0.1999968573602565 0.20226433410880632 
226 0.19276776918354252 0.19501825249479954 
227 0.19670365109685223 0.19954018217363947 
228 0.18492929448567422 0.18817302782286913 
229 0.19649270342135866 0.1992649634398773 
230 0.20078221701051557 0.20204617845599404 
231 0.1944643070396004 0.1962622960750151 
232 0.19626647651814713 0.1982629535679626 
233 0.19152353020127996 0.1927055964373606 
234 0.19456803455964908 0.1962543730612361 
235 0.19523771512480678 0.1967293183259803 
236 0.19851849855559198 0.2001515129269472 
237 0.19720851366516692 0.19988378259410686 
238 0.20368791946641535 0.2060072181232932 
239 0.18358681785056502 0.1848897650567818 
240 0.19127079127392504 0.19326007303018106 
241 0.20106374136617688 0.20228648459603477 
242 0.2032157064059326 0.2050304540142995 
243 0.1975658274348464 0.1987074168740461 
244 0.1949168586466179 0.19628469519721642 
245 0.1900756481807253 0.19190799848118528 
246 0.18644549763424617 0.1884803195973448 
247 0.19247229762164744 0.19488440272332838 
248 0.19198673419472476 0.1938735358908796 
249 0.19200619129927887 0.19432344969120696 
250 0.19585747531906889 0.1981329455598423 
251 0.1869705897178105 0.18946058551278913 
252 0.19448251946959708 0.1966774131408134 
253 0.19080503582894526 0.1925209152005452 
254 0.18904507570725698 0.19023103806277744 
255 0.17781108621873942 0.18013747912769112 
256 0.187233025369998 0.18829011689532874 
257 0.18406508056346932 0.18696135171678802 
258 0.18584326517507443 0.1878605890766021 
259 0.18665461745169162 0.1881877230368525 
260 0.18776221184093772 0.18986276925475354 
261 0.19445567762403643 0.19518556424178413 
262 0.18592001903790384 0.1873754479257095 
263 0.19188802661940033 0.19318604303083153 
264 0.19477660008915543 0.19691338921278148 
265 0.18252272801143826 0.1833574722736644 
266 0.1818596206160947 0.18419717703216462 
267 0.17962838863767902 0.1805658168586401 
268 0.18746408594773348 0.1879443865052231 
269 0.18484685496082734 0.18746430300734773 
270 0.1863675287395149 0.18910974880497203 
271 0.18770941221298929 0.18970983838266572 
272 0.18209335470574226 0.18422523811182212 
273 0.18057900748574218 0.18201927401213755 
274 0.1756578943441484 0.17715742601854442 
275 0.18895270133424014 0.19027070172290259 
276 0.17272132124184528 0.1741035504590921 
277 0.18146071095547242 0.18252948395806845 
278 0.18303614639621704 0.18403115555453714 
279 0.18169910159749517 0.1832455545502457 
280 0.17861446345559695 0.18072322289870515 
281 0.18443234317064525 0.18671117900877204 
282 0.186878610771587 0.18914981035098724 
283 0.18525561836053947 0.18727863252150834 
284 0.1763771569355816 0.1778305422333612 
285 0.17903241000919226 0.18114946734017856 
286 0.17871745331165212 0.17987783451522474 
287 0.17341582290686738 0.17518978326970333 
288 0.17441369544809862 0.17591731203076746 
289 0.18143805263762056 0.18284051727534073 
290 0.18374266734837363 0.18505561709420268 
291 0.17831385082493298 0.17987240247206224 
292 0.17562855026955762 0.17719637280568468 
293 0.17458302264886427 0.175755125339704 
294 0.1740805810778097 0.1749620597400307 
295 0.17972836662151986 0.1812376128710965 
296 0.18401320429052329 0.18490504789392556 
297 0.18208600761904062 0.18382180418313548 
298 0.18250372387691416 0.18409795139699794 
299 0.1751424354510145 0.17615027452807266 
300 0.1824891332619581 0.18443637890388812 
301 0.17883784452659876 0.18037983921786407 
302 0.17318048255550955 0.1750326989354075 
303 0.17132974668041961 0.17285182439011523 
304 0.17407225721941152 0.1763696214169863 
305 0.1808123372456018 0.18201072457413187 
306 0.18030643436167285 0.1818155697412133 
307 0.17098435229547107 0.17284930059721976 
308 0.1753429127647959 0.177160675158915 
309 0.17103143387816824 0.173102086867178 
310 0.1742012596195633 0.17634273477881687 
311 0.1823447090222332 0.1839175332892074 
312 0.17903020205841186 0.18038297873434977 
313 0.16821134294601547 0.16990518190774326 
314 0.17049601021291932 0.17239869533730345 
315 0.174598880058842 0.17529523670011893 
316 0.17049218653393214 0.17242130963353047 
317 0.17742246574037507 0.17910426835242466 
318 0.18059182992141495 0.18181622061592745 
319 0.1793197570311805 0.17980626395502677 
320 0.1771401090483698 0.17863589413630565 
321 0.17132256634843013 0.1724718627819871 
322 0.1759709884794791 0.17817261176443902 
323 0.17911146688114057 0.18002969403628064 
324 0.17522269310053276 0.17779753907309084 
325 0.17745395937077718 0.1789261458365374 
326 0.16972682240944484 0.17077840358853869 
327 0.16804122055403906 0.16954712065852504 
328 0.17106621145176037 0.17229286568885396 
329 0.17487353139349052 0.17638526813837516 
330 0.1747486026226548 0.17673276407242872 
331 0.18061282782101984 0.18251782562710267 
332 0.1717611696276186 0.17406469258277996 
333 0.17610187313870135 0.17823711092798164 
334 0.16606155535017458 0.1677433331920005 
335 0.1715020548663699 0.173458333437036 
336 0.17046361682710737 0.1728081632104926 
337 0.17154863073852633 0.17350110994145748 
338 0.16358432828434183 0.16469694816329086 
339 0.1683285633274595 0.16938102537048563 
340 0.16913779909075585 0.17037191745500926 
341 0.17231554597059506 0.17302570382363283 
342 0.16618513398704665 0.16752985321507285 
343 0.16373356227478816 0.16482137574497807 
344 0.1672332433768638 0.16892307968677658 
345 0.16471126497478947 0.16664414970268815 
346 0.16636847545015854 0.1679960711811205 
347 0.16454302381486352 0.16629858056839997 
348 0.1700915176285094 0.17167104496778784 
349 0.1658419618396249 0.1676983239048616 
350 0.1723669645507817 0.1736169602363619 
351 0.16448895387125212 0.16582895406849524 
352 0.1638797094254364 0.16591916027220333 
353 0.1654313302743167 0.16786600987010128 
354 0.1658839836348101 0.16731564256369802 
355 0.16963754602719572 0.17164507525356928 
356 0.1663353250487102 0.1674059961080132 
357 0.16717277864153593 0.16856597046394486 
358 0.16636246018955314 0.16789808449899193 
359 0.16529286555848635 0.1669659086245306 
360 0.16168155072497475 0.16305997479979026 
361 0.16393732499914695 0.16565826287341484 
362 0.16143104743457418 0.16277086805156424 
363 0.16082384350627693 0.16245946994354518 
364 0.1677006808728653 0.17000333447843927 
365 0.16152159636774094 0.16293544275906602 
366 0.16245993392235875 0.16474527758229232 
367 0.1694176390913447 0.17072041350099185 
368 0.16220621461086907 0.16390980395810348 
369 0.15985770592938517 0.1615751997295181 
370 0.16417233938606463 0.16578658487018302 
371 0.16252108352052572 0.16410628230651483 
372 0.1604470949343018 0.16114983437457817 
373 0.16209079124343287 0.16381921662808305 
374 0.16261270114118068 0.1638602489778713 
375 0.16284782842443146 0.16451796399232985 
376 0.16108219254551887 0.16271590359724217 
377 0.15925536630795878 0.1614424299086554 
378 0.16286468808721613 0.16361179893823266 
379 0.16013990159304667 0.1620313669176767 
380 0.15483845194153162 0.15594573433561032 
381 0.16268842761072336 0.16432340568016174 
382 0.15820362097167978 0.15950198465768184 
383 0.15721252755725465 0.15908426145797552 
384 0.1628828615436906 0.16468435861679084 
385 0.15771622185642312 0.15970603995869442 
386 0.1592146541447176 0.16066214756590022 
387 0.16048344887852714 0.1620104763099831 
388 0.15926457982580025 0.16167402699262093 
389 0.15949226577596057 0.16087260221821048 
390 0.15761955580044443 0.15939191085841375 
391 0.15305611282738746 0.15443849036573257 
392 0.15792608348564158 0.15906124079249448 
393 0.15878197424060717 0.16051657822085544 
394 0.1590992999121891 0.16149282019220815 
395 0.15783771275414582 0.15978074885054305 
396 0.1590476352753941 0.16101712929950604 
397 0.15600849979235323 0.15782795229196364 
398 0.15978353178029714 0.16061365165102276 
399 0.15310714620864987 0.1542403063943148 
400 0.15345966931170277 0.15463547009491752 
401 0.15615381044105064 0.1576850227203707 
402 0.15223638984894364 0.1538625950040869 
403 0.1528538912746826 0.15422970555896176 
404 0.15848779392016135 0.15953552676506633 
405 0.15671656207426518 0.15836454169622868 
406 0.16190762569223668 0.1635786542652279 
407 0.15834311127649148 0.16017863205493726 
408 0.1495652813738458 0.15091579752787332 
409 0.15434904749138365 0.156308731742016 
410 0.1509120938028413 0.15216154185145359 
411 0.1557328806608822 0.1571015869228399 
412 0.15317690536746412 0.15431217735803024 
413 0.154564802539653 0.15580980565748828 
414 0.15624858681420412 0.15760822672063282 
415 0.15452461864611244 0.1553556674216329 
416 0.1549079692408043 0.15690098695684704 
417 0.15594778391862701 0.1576601478969427 
418 0.15132587442032022 0.15243829010053686 
419 0.15363421306887112 0.15518461963994631 
420 0.15678768170790694 0.1591053165033143 
421 0.1578621884689893 0.1589205686072406 
422 0.1580201718715217 0.1599556416456089 
423 0.1533854891841407 0.15382285414408112 
424 0.15055418999303716 0.1518038455107865 
425 0.1522555758073961 0.1536957894971704 
426 0.15124732789711437 0.15319638287482684 
427 0.1520368648116956 0.15361129606114698 
428 0.1507791798467603 0.15175166669710882 
429 0.15613613571475643 0.15777848523033472 
430 0.15303592310981823 0.15436988701647744 
431 0.146030265989168 0.14789003891436564 
432 0.15420983801500782 0.15611475441590394 
433 0.1514244709754866 0.1526341301273723 
434 0.1537637710132929 0.15555840789719255 
435 0.15271107017338612 0.1544960749839252 
436 0.1553518669677799 0.15659640807642478 
437 0.15052967734430805 0.15248742952091582 
438 0.15598959728864095 0.15718723017140265 
439 0.15224313716129936 0.15414648340676546 
440 0.15090154885894402 0.1518117236563718 
441 0.15140791156095862 0.15282448722401512 
442 0.15445740887615333 0.1561485365848656 
443 0.15143608487830446 0.15343427424571046 
444 0.15018089556330383 0.15194664222684853 
445 0.15094402969281595 0.15253944181775012 
446 0.1492027996473004 0.1504604063272968 
447 0.15226007543307182 0.1541621633802946 
448 0.1504338187182496 0.15162396696021216 
449 0.14881782271384908 0.15012485332051487 
450 0.1470044129321943 0.1484781980899891 
451 0.15139702727381976 0.1535064456705876 
452 0.14620111702858443 0.1479097245590417 
453 0.14813565366230744 0.1500235171468239 
454 0.1431027094372 0.14463003730341242 
455 0.14803816767169362 0.1500049541883341 
456 0.1431391790682146 0.1441525126023239 
457 0.1453949556141577 0.14736600146812603 
458 0.14359478481447216 0.14579491862029592 
459 0.1444217637350665 0.1462892666422362 
460 0.13753824344262874 0.13927986835321082 
461 0.14022461106641 0.14168469583906748 
462 0.14014078764285223 0.14078077285483756 
463 0.1374595430734319 0.1389131687001075 
464 0.14205748554084005 0.1437133356087743 
465 0.1388321575056836 0.14117274737419203 
466 0.1381100638526763 0.140446843018986 
467 0.14365172176616361 0.14554964834732032 
468 0.1403166712821427 0.1424027147196488 
469 0.1407054328578696 0.14309043493474768 
470 0.1403759053728581 0.14194817535018045 
471 0.13706005105533206 0.1389747707889753 
472 0.13818256037306753 0.1397106252034409 
473 0.1419989266707003 0.1443181655307025 
474 0.13539952452513185 0.1374665688632039 
475 0.1398241726919666 0.14101600856449964 
476 0.1423064258325983 0.143720362919591 
477 0.1413082168183829 0.1426247633267898 
478 0.1376706921445736 0.13953384224671425 
479 0.1436200518652213 0.14553903360642614 
480 0.1405894051613711 0.14238167478242855 
481 0.13617676427098926 0.138026354232415 
482 0.1402257426896863 0.14204249699696145 
483 0.13758188231303667 0.14003886311453262 
484 0.14105998152321064 0.14319007482156768 
485 0.14190386468609814 0.14356999367815082 
486 0.1435210930444431 0.14489558175629266 
487 0.14136511756173156 0.14303790684352147 
488 0.1463832760115168 0.14713725894504656 
489 0.13695871140492288 0.13903172335877215 
490 0.14027748908749388 0.14136909443677578 
491 0.13884653764036234 0.14008726302977817 
492 0.14183123083054489 0.1437420508078335 
493 0.14179022275276654 0.1428485667757258 
494 0.13829297311325622 0.13951226230478642 
495 0.13808921214514355 0.13938045130941393 
496 0.13938923234910158 0.14096488986728561 
497 0.141671869132083 0.1432040434444442 
498 0.13928696810526986 0.1412493456242369 
499 0.1394089311599967 0.1410001821016306 
500 0.13547606230060916 0.13758230021764833 
